1750622938647 0.2163701355457306 0
1750622938977 0.26552680134773254 47
1750622939345 0.23455357551574707 94
1750622939693 0.17110291123390198 141
1750622940026 0.28799086809158325 188
1750622940371 0.25365370512008667 235
1750622940677 0.21931655704975128 282
1750622940994 0.19453804194927216 329
1750622941319 0.21944722533226013 376
1750622941627 0.18699046969413757 423
1750622941942 0.1978043019771576 470
1750622942243 0.15843410789966583 517
1750622942579 0.2618599534034729 564
1750622942881 0.20686152577400208 611
1750622943201 0.2026861608028412 658
1750622943496 0.21289530396461487 705
1750622943816 0.19829252362251282 752
1750622944117 0.24150335788726807 799
1750622944431 0.28024405241012573 846
1750622944735 0.1513212025165558 893
1750622945051 0.18703633546829224 940
1750622945360 0.19929349422454834 987
1750622945672 0.17976149916648865 1034
1750622945977 0.2042991667985916 1081
1750622946295 0.17660236358642578 1128
1750622946613 0.1717209815979004 1175
1750622946923 0.22812071442604065 1222
1750622947253 0.17883925139904022 1269
1750622947576 0.19937917590141296 1316
1750622947896 0.25111284852027893 1363
1750622948210 0.19258782267570496 1410
1750622948541 0.1750754415988922 1457
1750622948879 0.18661418557167053 1504
1750622949206 0.18574810028076172 1551
1750622949528 0.20660361647605896 1598
1750622949843 0.19650384783744812 1645
1750622950163 0.1983352154493332 1692
1750622950492 0.17213651537895203 1739
1750622950817 0.24072201550006866 1786
1750622951138 0.22552642226219177 1833
1750622951455 0.26550474762916565 1880
1750622951786 0.19260025024414062 1927
1750622952168 0.21181082725524902 1974
1750622952502 0.29176029562950134 2021
1750622952834 0.3062487244606018 2068
1750622953170 0.23311443626880646 2115
1750622953509 0.19995929300785065 2162
1750622953833 0.21335454285144806 2209
1750622954169 0.2324458360671997 2256
1750622954494 0.23498868942260742 2303
1750622938647 0.2163701355457306 0
