1750622706464 0.20854918658733368 0
1750622706832 0.267622709274292 47
1750622707258 0.16684511303901672 94
1750622707592 0.21218733489513397 141
1750622707945 0.20113065838813782 188
1750622708294 0.2071828842163086 235
1750622708645 0.23630554974079132 282
1750622708970 0.23363050818443298 329
1750622709343 0.1498686522245407 376
1750622709676 0.18173983693122864 423
1750622709988 0.20183834433555603 470
1750622710329 0.28434398770332336 517
1750622710647 0.241612046957016 564
1750622710972 0.14269819855690002 611
1750622711295 0.15679244697093964 658
1750622711620 0.17735612392425537 705
1750622711941 0.2287977635860443 752
1750622712270 0.17439067363739014 799
1750622712600 0.24872803688049316 846
1750622712915 0.21229735016822815 893
1750622713239 0.15735428035259247 940
1750622713551 0.30100730061531067 987
1750622713883 0.25531110167503357 1034
1750622714198 0.1754172146320343 1081
1750622714526 0.22532013058662415 1128
1750622714852 0.19780012965202332 1175
1750622715190 0.1847877949476242 1222
1750622715538 0.16380435228347778 1269
1750622715932 0.20740170776844025 1316
1750622716270 0.17133870720863342 1363
1750622716611 0.1614047735929489 1410
1750622716932 0.2396325170993805 1457
1750622717248 0.1716957837343216 1504
1750622717588 0.21572080254554749 1551
1750622717917 0.21025438606739044 1598
1750622718258 0.14820857346057892 1645
1750622718604 0.21190674602985382 1692
1750622718940 0.19859126210212708 1739
1750622719265 0.21340540051460266 1786
1750622719602 0.20806154608726501 1833
1750622719929 0.20744872093200684 1880
1750622720288 0.19052229821681976 1927
1750622720724 0.14664264023303986 1974
1750622721048 0.14163321256637573 2021
1750622721362 0.20078237354755402 2068
1750622721672 0.2133989781141281 2115
1750622721996 0.1517709642648697 2162
1750622722316 0.2130189836025238 2209
1750622722625 0.2133186310529709 2256
1750622722945 0.27606141567230225 2303
1750622706464 0.20854918658733368 0
