1750623479512 0.21878714859485626 0
1750623479826 0.23979401588439941 47
1750623480172 0.2153908908367157 94
1750623480490 0.20010223984718323 141
1750623480832 0.21851535141468048 188
1750623481174 0.2058253288269043 235
1750623481492 0.2260911762714386 282
1750623481939 0.27392351627349854 329
1750623482257 0.25274038314819336 376
1750623482576 0.18545204401016235 423
1750623482917 0.23819375038146973 470
1750623483255 0.21664127707481384 517
1750623483607 0.15840326249599457 564
1750623483929 0.21137981116771698 611
1750623484258 0.21667242050170898 658
1750623484593 0.18079057335853577 705
1750623484914 0.23205462098121643 752
1750623485230 0.19707784056663513 799
1750623485579 0.26828810572624207 846
1750623485982 0.2519642412662506 893
1750623486321 0.23569509387016296 940
1750623486642 0.23455926775932312 987
1750623486965 0.27103039622306824 1034
1750623487318 0.23303242027759552 1081
1750623487662 0.17848053574562073 1128
1750623488020 0.1767633855342865 1175
1750623488344 0.21194317936897278 1222
1750623488674 0.28833821415901184 1269
1750623489004 0.22750124335289001 1316
1750623489324 0.20126202702522278 1363
1750623489645 0.19344595074653625 1410
1750623489974 0.22161397337913513 1457
1750623490289 0.20106880366802216 1504
1750623490610 0.20714111626148224 1551
1750623490924 0.18717265129089355 1598
1750623491262 0.19981445372104645 1645
1750623491593 0.1882828027009964 1692
1750623491971 0.16713735461235046 1739
1750623492292 0.20439410209655762 1786
1750623492629 0.15084683895111084 1833
1750623492980 0.21785874664783478 1880
1750623493328 0.18326111137866974 1927
1750623493644 0.21558642387390137 1974
1750623493971 0.2587728798389435 2021
1750623494296 0.223615363240242 2068
1750623494631 0.22016701102256775 2115
1750623494973 0.2054690569639206 2162
1750623495342 0.22923576831817627 2209
1750623495670 0.19954568147659302 2256
1750623496025 0.21510270237922668 2303
1750623479512 0.21878714859485626 0
