1750623384743 0.19705457985401154 0
1750623385084 0.217143252491951 47
1750623385416 0.19067947566509247 94
1750623385767 0.24219593405723572 141
1750623386108 0.2696266174316406 188
1750623386463 0.2255055159330368 235
1750623386809 0.16806849837303162 282
1750623387144 0.17009665071964264 329
1750623387473 0.18579056859016418 376
1750623387774 0.23431889712810516 423
1750623388105 0.2128111869096756 470
1750623388423 0.2190256118774414 517
1750623388757 0.20772764086723328 564
1750623389079 0.17444689571857452 611
1750623389398 0.24458909034729004 658
1750623389724 0.17547161877155304 705
1750623390040 0.22323045134544373 752
1750623390353 0.19816744327545166 799
1750623390660 0.22903499007225037 846
1750623390971 0.2527642846107483 893
1750623391293 0.19653713703155518 940
1750623391604 0.3098547160625458 987
1750623391913 0.19372202455997467 1034
1750623392252 0.19637158513069153 1081
1750623392583 0.204264834523201 1128
1750623392907 0.24021610617637634 1175
1750623393237 0.1969098597764969 1222
1750623393541 0.2057746946811676 1269
1750623393856 0.184007927775383 1316
1750623394217 0.18943282961845398 1363
1750623394541 0.195753812789917 1410
1750623394860 0.2757064402103424 1457
1750623395170 0.25143685936927795 1504
1750623395491 0.25660356879234314 1551
1750623395816 0.18624678254127502 1598
1750623396116 0.22157089412212372 1645
1750623396432 0.15458615124225616 1692
1750623396748 0.2219143807888031 1739
1750623397070 0.17200405895709991 1786
1750623397392 0.22729738056659698 1833
1750623397678 0.2044411599636078 1880
1750623398004 0.18190601468086243 1927
1750623398324 0.16266171634197235 1974
1750623398649 0.24174368381500244 2021
1750623398974 0.18537379801273346 2068
1750623399277 0.17093655467033386 2115
1750623399598 0.2886088192462921 2162
1750623399906 0.22844338417053223 2209
1750623400220 0.2012304812669754 2256
1750623400544 0.26031166315078735 2303
1750623384743 0.19705457985401154 0
