1750624511589 0.19337420165538788 0
1750624511923 0.2437104880809784 47
1750624512270 0.2042165994644165 94
1750624512580 0.20018669962882996 141
1750624512891 0.18763062357902527 188
1750624513203 0.2241254597902298 235
1750624513509 0.21736645698547363 282
1750624513826 0.20393554866313934 329
1750624514145 0.16952773928642273 376
1750624514454 0.24147970974445343 423
1750624514756 0.21389392018318176 470
1750624515058 0.18287089467048645 517
1750624515361 0.23342213034629822 564
1750624515672 0.19871047139167786 611
1750624515974 0.26342976093292236 658
1750624516284 0.1769564300775528 705
1750624516593 0.15670064091682434 752
1750624516904 0.24877090752124786 799
1750624517201 0.1912669688463211 846
1750624517517 0.20459063351154327 893
1750624517833 0.14054754376411438 940
1750624518145 0.2188442051410675 987
1750624518451 0.17740383744239807 1034
1750624518762 0.24439573287963867 1081
1750624519073 0.22322411835193634 1128
1750624519379 0.2535150647163391 1175
1750624519685 0.21609267592430115 1222
1750624520004 0.22389180958271027 1269
1750624520320 0.22150976955890656 1316
1750624520622 0.18713417649269104 1363
1750624520932 0.1697211116552353 1410
1750624521228 0.1447209119796753 1457
1750624521561 0.289412260055542 1504
1750624521869 0.1929287612438202 1551
1750624522184 0.17526589334011078 1598
1750624522501 0.18418747186660767 1645
1750624522818 0.17306485772132874 1692
1750624523126 0.1872391402721405 1739
1750624523439 0.1862112581729889 1786
1750624523749 0.20646026730537415 1833
1750624524116 0.21457214653491974 1880
1750624524427 0.20719628036022186 1927
1750624524733 0.15685534477233887 1974
1750624525051 0.24539503455162048 2021
1750624525365 0.1983342170715332 2068
1750624525688 0.17873135209083557 2115
1750624526011 0.17825578153133392 2162
1750624526319 0.20621979236602783 2209
1750624526622 0.20408204197883606 2256
1750624526943 0.250491738319397 2303
1750624511589 0.19337420165538788 0
